276.170659800441
283.764626950274
276.948896882855
276.685477943863
264.261292103773
266.641521654475
263.660767272368
274.203672272367
254.41912249333
254.229796658124
250.995003848467
251.379690904777
262.022356039109
228.765471822905
254.063704727407
251.759018898642
246.462740351914
249.40796806747
279.788784410946
268.71322305139
259.341594208688
262.560133407192
249.969965365987
248.644684519544
249.307324942766
275.339627283603
265.729448798576
262.560133407192
277.42221147087
252.999178729284
271.836639742828
255.433797791955
258.36247435074
271.56508401465
272.310413920306
247.795890256176
281.587379845404
260.193560467116
245.615471156247
275.326922797355
272.073982323612
241.44424399079
291.749469868205
229.787648198413
273.541031849145
282.628671939038
276.946780683355
267.208906990761
299.800974043524
253.283167482094
254.229796658124
237.171791554842
257.458441665993
269.292740740386
251.957886635651
295.428867487666
267.48260512255
287.022137647693
282.817997774244
276.191593542031
290.526992950652
270.152040015038
275.434290201206
281.410505309219
278.221303764495
250.949133380481
256.879955709699
252.431201223666
263.917242472969
282.439346103832
249.212662025163
236.527831066355
251.836939659702
256.501706680597
297.017435414701
284.400719202326
287.773900048359
268.728248226982
271.365045756444
276.191593542031
278.463503564504
285.18457071432
254.405640930372
267.744676754892
264.824121596656
262.370807571986
258.77361670307
276.198535854201
285.690993795072
288.497772830427
281.264333514798
288.737274397474
262.561547322015
268.618560133787
260.224717031186
255.64974042217
223.02132058585
245.941717089778
259.530920043895
279.410132740534
262.480445665442
288.544043586179
242.63547779306
278.558166482107
283.800185221189
267.293279287344
292.662941204961
276.759571047649
281.304421741553
258.166595704781
297.996053649198
276.927837497471
259.246931291086
283.272337708536
289.53906492406
261.170508734297
286.793840313572
256.166247318613
281.319319544343
281.177049203071
280.089931901899
257.164347103818
260.856200890337
280.521105304295
298.24805334354
290.771655945078
276.674242208827
262.331217152898
274.251102893378
272.896614336857
270.322492650642
289.633727841663
269.186537639405
296.638783744289
248.895539452585
272.783728508321
265.210695100077
277.22854750887
277.71314325462
293.798896216197
262.749459242398
294.335840848701
277.609499867827
284.992634748385
291.432323276121
253.578521358747
279.410132740534
285.197036809527
275.520341722043
261.23485256075
294.534572964877
284.768133378847
297.206761249907
280.408261367676
249.11799910756
270.749573055185
288.59243574803
269.593692384866
237.184507716843
265.68273705873
248.928673272354
230.942718927775
256.123055010185
258.205639197452
247.010354918686
239.557044429652
247.730980655073
225.359741877492
239.371996200613
252.958841100232
249.493182757716
244.100864474598
267.198616369741
293.238476577126
274.926521830884
260.646409524363
280.78023443595
278.605557719267
276.118914527936
248.360695766735
240.451282271506
255.271088751758
254.892437081345
241.554070462376
222.281087215799
224.450324092415
232.692259560184
238.515752336019
259.127318594941
239.966275725985
276.251218276741
273.351706013939
255.532636298227
242.847891410528
280.55223208496
277.242025387402
279.104268067848
267.198616369741
269.849178062627
222.642626695235
262.276144654383
224.789629283577
266.946432660923
247.336883406301
273.435361034452
255.839066257376
283.291312362259
268.342060373222
286.604514478366
290.675019935297
286.604514478366
220.435135073837
246.19290650434
225.925584294813
254.529310503489
276.286256459634
293.420244545785
290.580357017694
289.106235204824
270.446139824967
296.017458259107
297.935404300274
285.563222384732
250.90334665267
261.214005814782
276.948896882855
250.996011891696
263.222773830413
264.145361173475
271.553110579481
281.398054010198
287.347279091846
284.550988301811
280.356761916565
263.899814223827
251.29524621243
267.871531706658
268.71322305139
278.084851894092
265.417464474966
257.005789552263
283.587975226482
233.025303115042
254.892437081345
247.119727583047
250.752405449692
261.897492983971
246.946073661619
271.949911885534
251.914754106842
254.040470822918
253.945807905315
271.089350024872
278.463503564504
293.609570380991
286.656088482513
281.492716927801
262.254063477227
278.059431591085
288.241573614635
284.850651290479
272.160878546398
293.704233298594
285.078466097798
238.421089418416
287.267154901587
270.968485849345
270.322492650642
249.697555051827
265.391752051747
268.429234298581
273.7730297205
222.801708013913
261.424178395955
277.42221147087
269.094008624211
250.720626684121
236.966073424712
282.501338021029
282.707158582225
274.771649777985
291.921042604556
258.110976279849
274.650101810979
285.17009963729
273.541031849145
288.687098665633
258.489627950261
243.343561133774
258.11520751182
273.257043096336
270.084600345531
252.999178729284
274.203672272367
229.631301359613
246.94075200269
251.465317154571
264.926706347268
254.41912249333
248.076707013926
272.943572466411
256.734634942686
275.153854005166
275.812941871619
274.575281102261
281.801303004058
266.656827546228
243.53288696898
272.215751002703
285.392895620809
281.985883752391
282.978097376664
284.900581961511
282.439346103832
279.626810781506
262.335632511853
265.400020935284
286.568956969113
288.145132397224
264.548054676856
276.80856236391
279.396845469735
269.663045592913
284.981860886048
274.965168282586
272.6228591223
260.95086380794
272.73231173494
285.563222384732
283.480638197465
281.130067967205
271.006002252347
288.213784077618
267.165650859305
251.951252008676
225.279830340516
272.499739755512
262.276144654383
235.821925235094
