276.493060649217
280.716989488928
276.175174728128
276.224984377602
268.943584367507
273.904267347727
279.960020362128
276.41535672859
270.032112234264
291.396440745888
275.670528643594
285.465540126021
272.431534048458
275.165882559061
289.548295968262
281.184322615565
283.853607405751
271.025325215251
272.877601298022
275.670528643594
277.184466897194
281.663200897428
261.455439680429
270.109457568423
268.468868684633
275.706736205276
282.147249743904
283.871027517262
279.47878355543
284.304997262361
278.661101233892
290.368345855629
285.845824122436
275.925877620413
268.27802038988
274.885783535691
273.595121746991
271.75952148846
284.627996644062
276.816323462545
287.403550108996
266.713060643126
287.814007611317
276.490513570117
281.75349671204
285.826531094829
269.67785638976
287.11457037088
275.239321905518
265.750241859256
279.563904272383
277.686687932985
280.401585686095
271.105981064107
282.609412305928
285.321885010295
282.609412305928
275.733609404161
287.151227066729
285.258804249729
284.366877865264
271.629923227217
288.891648090846
290.397771058551
281.915523939695
260.846549910425
272.362209416501
277.184466897194
287.277388587862
282.678486773662
283.967431724291
281.727893252338
273.159142132201
287.340469348429
281.626711359369
286.273111120165
263.622103375359
275.470147601937
282.121542314309
273.904267347727
276.894583429006
279.183820433388
269.697274623667
253.907666248091
273.021136699794
281.9518443002
279.617134822301
280.410947809049
281.473958615728
279.833858840995
278.074884902781
266.857539373578
268.479321938993
282.603738577888
283.797975499916
267.911595093893
276.68966701854
279.39355986243
271.682837990276
282.613207791829
275.99470036691
273.831909438841
265.514526192359
275.511407604069
281.915523939695
280.527747207228
280.080229037592
272.70512995449
283.681785235562
272.703642088752
9
281.915523939695
280.527747207228
280.080229037592
272.70512995449
283.681785235562
272.703642088752
