12.2091583784649
13.9744682277317
9.79693359543185
15.44299545178
10.9017296640801
13.2970301792507
5.03748762376438
13.8221880995874
9.40176140048456
13.2405770085439
6.74562275629159
7.87752579140218
5.13445364262515
5.5965328848299
9.40771086961638
10.5308248146197
8.48071623514116
11.3288725628409
7.57506246810626
9.7371632370667
8.9283591284021
6.9251151851381
12.1902264313023
9.76426783562948
10.3354713332217
11.6517491447628
12.8179188982465
14.7355548443509
9.91665566591321
10.5149637620682
10.2529683703078
11.9421540822885
6.80491554797384
8.87995377791464
8.55496383988324
7.70291571013963
15.0621052928464
10.9259970095669
9.40176140048456
7.57923697673242
15.7483039305455
11.4942240671373
13.2970301792507
9.80025396996023
16.2636163872627
12.0107340024558
15.2164379832803
10.6346253812992
16.8535799337762
14.2567340812655
15.5407517697704
8.21624481564271
15.1817669120774
18.831446298623
13.2970301792507
13.8051087156114
13.7486555449047
19.902051151941
9.87596803442131
14.143827739852
13.0876885755348
17.13584578731
12.6760453014763
18.5709624658833
7.82257732937063
15.1599848125736
11.8857009115818
12.559396403974
13.4240012799294
8.27269798634946
6.28904365466276
2.36566211024027
2.49763527359094
9.37817837937369
18.5322922505455
13.9744682277317
13.8069981518349
8.89953190244967
10.6944561909147
12.0788478346064
14.369640422679
10.0961480947597
14.9341721297465
14.035086250593
11.881958355493
10.6346253812992
12.5066857893561
7.76461944998867
17.3052052994302
16.7406735923627
9.47485472977896
14.5818039404774
12.8483653370728
8.66787018129675
10.7542870005302
8.00206975821714
3.4741784762753
7.70816627928192
11.5033053664927
17.13584578731
10.0822773076688
7.94223894860164
8.24139299667915
9.28885505907105
11.0953565216872
10.9949991254171
20.9255246351656
18.951107917854
16.9809589612548
17.6946609159285
14.7031204351534
25.9050729842002
15.7800750082324
23.1763350529328
21.6096790579201
19.1904311563161
15.8281133719401
12.1917541760199
18.4907218842721
11.7714107639938
19.4914042584238
13.3534833499574
13.746809595672
19.4090616305797
22.2730843216247
19.5144459540964
16.8730152551701
9.74674287815503
8.38560432776297
16.5713140802424
11.7714107639938
16.2277179014934
12.1902264313023
15.0561739059738
9.45641674278162
10.8141178101457
9.8533867661386
11.1731026678388
12.6195921307696
23.6179110678632
13.6922023741979
18.951107917854
16.7971267630695
14.600599675756
11.4722567159163
11.6810394130432
10.6944561909147
12.9855236411855
8.66787018129675
7.64308490052413
17.754491725544
12.4295496697643
13.5065042428433
11.7163413994615
12.0102928205563
12.5492112889953
10.6944561909147
16.4980447236185
2.11930237931318
5.48917575436605
6.72332758282028
7.39323466594577
8.12173137744814
15.0301150443445
5.36951413513504
6.40974335302655
6.23664128481748
1.39145836901729
6.33442004941484
3.93357470436299
5.61939896313199
5.95811798737251
15.4210901505394
18.6600813963924
11.4340755459277
9.51466774189807
14.9625415045728
9.4143422391658
11.085671384202
7.65171310857516
5.7897438191659
15.1630469265147
10.8141178101457
9.25851676014268
2.90964676920775
6.08748385052107
4.15161652475636
6.02765304090557
6.08748385052107
7.82107262069543
11.4722567159163
11.0307688953093
10.7566374974467
4.54678871970364
8.43831494238092
8.04688530352244
10.0961480947597
8.83722969341701
12.3460486431862
3.81391308513199
10.0791994489656
2.73695851205295
11.829247740875
5.05968924957993
7.92624714561836
6.14556165728377
13.3270118139968
8.47478743260094
12.2692417879259
16.2890482267087
15.4210901505394
5.05486725606444
5.55017955887074
4.82905457323741
9.43925249629959
6.55839006969858
14.8777189590398
16.6177063428495
14.0309213984385
10.1559789043752
22.1037248095044
26.2248062710975
13.9253199101519
8.5889774599769
13.3534833499574
16.1988906755409
14.9203171377869
13.2445088510829
7.25654091362788
11.7727945701683
10.3953021428372
11.5919183351473
13.980183349162
7.54900360647704
8.54054704475666
7.14363457221437
6.52264969444006
10.3614653024994
13.1276706671304
7.16443842360011
9.62757408331158
12.5029432332673
6.8054535659071
5.95811798737251
13.5065151081298
11.1446213184709
11.4722567159163
7.05451564170524
11.3429958356813
12.2500572409178
14.5236280063069
5.87698783801148
10.4179184732062
6.69200920656033
16.9902736860941
17.361658470137
12.6688729082263
10.6437311560332
13.5228428620777
12.6688729082263
18.4126306313145
15.2954724222698
15.7202441986169
15.8256953023243
4.47205199090251
12.3697188601488
15.1599848125736
17.2257344884949
9.62757408331159
15.7245165196411
11.3211692045142
11.1134624558691
5.07036008705753
16.2325950560019
14.9035814507404
13.2970301792507
4.16293231448026
3.81289750051583
16.684220421656
8.18156218706365
14.636398899388
13.1764411535097
6.74846237726708
13.4100370293474
10.4551329524527
12.3605429456838
15.5407517697704
9.6175016178357
7.31299408433463
10.9111072760783
15.1817669120774
11.0389033509805
10.1559789043752
15.3767929675966
3.43126127761558
8.11835029687111
7.31299408433463
13.5663350524588
20.0714106640613
28.0453909794104
18.6412478784012
26.6094515486383
25.6105440779
22.2166311509179
11.5085958869725
13.1437227731518
10.817278288411
