214
214
226
226
226
243
243
243
243
243
226
226
222
226
226
235
231
231
221
221
237
221
243
243
243
243
243
247
242
242
242
242
229
252
252
253
253
255
248
248
248
248
248
248
229
229
229
234
229
258
258
258
258
258
256
257
257
257
254
244
245
245
246
253
252
252
252
252
243
221
199
216
216
216
246
246
215
206
206
206
206
245
249
249
248
248
249
207
207
207
215
208
244
244
244
224
223
215
247
239
239
239
229
229
249
249
249
249
249
255
255
255
247
248
248
247
250
248
247
247
247
247
247
238
238
238
238
231
228
237
229
234
217
218
218
218
221
221
226
226
227
227
227
227
261
202
202
202
202
202
220
220
229
229
240
229
229
229
212
209
209
217
217
217
217
212
204
204
210
210
210
210
225
223
222
222
222
219
228
224
224
214
228
217
216
216
201
201
198
207
207
207
207
213
203
239
244
234
234
239
223
223
223
223
223
223
225
220
225
216
216
190
195
201
221
216
216
216
229
237
229
229
216
241
245
236
230
227
221
221
221
225
225
225
225
245
247
247
251
247
245
227
230
227
218
218
227
240
240
240
240
227
228
231
231
231
249
249
249
245
229
229
224
224
239
241
241
242
246
246
246
249
250
250
250
250
250
215
215
215
215
215
248
249
249
249
248
245
245
245
245
245
245
226
216
216
216
196
245
266
267
267
267
266
266
255
255
237
239
239
238
239
236
236
234
234
233
233
250
250
251
255
252
252
252
231
231
228
231
236
246
246
250
251
251
260
260
260
260
260
