509
509
487
487
487
319
319
319
319
319
379
379
387
379
379
358
357
357
376
376
343
376
344
344
344
344
344
308
320
320
320
320
343
320
320
317
317
314
297
297
297
297
297
297
374
374
374
366
374
328
328
328
328
328
326
324
324
325
326
382
382
382
380
314
313
313
313
313
343
392
451
407
407
407
313
313
477
497
497
497
497
374
371
371
373
373
371
492
492
492
475
489
353
353
353
381
381
395
313
323
323
323
338
338
305
305
305
305
305
331
331
331
310
310
307
310
307
307
311
311
311
311
311
420
420
420
420
427
395
391
395
388
378
378
378
378
373
373
485
485
483
483
483
483
396
382
382
382
382
382
350
350
335
335
319
335
335
335
414
421
419
384
383
383
383
390
417
417
407
407
407
407
377
380
381
381
381
387
312
317
317
334
311
385
388
388
414
414
406
386
386
386
386
419
449
355
342
365
365
355
384
384
384
384
384
384
388
397
391
405
405
428
419
408
377
474
474
474
450
431
450
450
474
286
278
301
270
271
270
350
350
344
344
344
344
332
331
329
326
331
332
375
369
375
390
390
375
336
336
336
336
403
402
403
403
403
331
331
331
341
476
476
487
487
455
344
344
343
341
341
341
336
328
328
329
329
329
363
363
363
363
363
464
462
462
462
464
301
302
302
302
302
302
341
363
363
363
405
305
303
303
303
303
303
303
354
354
377
374
374
375
374
361
361
363
363
366
366
311
311
311
332
336
336
336
358
358
362
358
386
373
373
320
317
317
337
337
337
337
337
