158
158
166
166
166
167
167
167
167
167
156
156
153
156
156
163
158
158
152
152
162
152
168
168
168
168
168
169
166
166
166
166
156
170
171
171
171
173
170
170
170
170
170
170
166
166
166
169
166
184
184
183
183
184
182
183
183
183
181
174
174
174
175
180
179
179
179
179
169
153
137
149
149
149
174
174
161
153
153
153
153
178
181
181
180
180
181
155
155
155
160
155
170
170
170
155
155
148
178
171
171
171
163
163
176
176
176
176
176
182
182
182
175
175
176
175
177
176
175
175
175
175
175
177
177
177
177
173
165
172
165
169
154
154
154
154
157
157
166
166
167
167
167
167
192
142
142
142
142
142
156
156
164
164
172
164
164
164
146
144
145
148
148
148
148
144
140
140
144
144
144
144
162
159
159
159
159
157
154
152
152
145
155
148
147
147
137
137
132
139
139
139
139
148
141
167
171
163
163
167
152
152
152
152
152
152
166
163
167
160
160
129
132
136
149
161
161
161
170
176
170
170
161
166
169
161
165
163
161
157
157
160
160
160
160
175
175
175
178
175
175
156
158
156
150
150
156
164
164
164
164
165
166
168
168
168
176
176
176
172
168
168
164
164
176
171
171
171
173
173
173
175
178
178
178
178
178
153
153
153
153
153
183
183
183
183
183
172
172
172
172
172
171
153
145
145
145
131
168
193
193
193
193
194
194
182
182
167
169
169
168
169
167
167
166
166
165
165
179
179
180
182
180
180
180
166
166
164
166
169
177
177
179
180
180
187
187
187
187
187
