0.000343568435823194 -0.00180395749709529
0.000137078161277621 0.000810467536439181
-0.00532519311992312 0.0184962771251611
-6.82726382015609e-05 -0.000336512869746787
0.000445622773174727 0.0089847210634627
-0.000650460094412715 0.000457312351127909
-0.000267710580400651 0.00355226339087272
-0.00014204831162996 -0.000551944851266755
-0.000250425609670104 0.00096785762724657
-0.000314301756913252 -0.0029799618621891
0.000668340049805976 -0.000903723730399785
-0.000234543404071956 0.00384076829400245
0.000529223114791095 -0.0112048139797158
-5.84275497907908e-05 0.00565602442304054
0.000222185314121513 -0.00537907497026708
0.000221021094924545 -0.000646033191964643
-8.80884058859882e-05 -0.006374708092986
-0.000112654360927535 0.00128561094425613
-0.000100503604546264 0.000290838899888912
3.96308333612601e-05 -0.00234999012702259
9.38114949193692e-05 0.0036381016950967
0.000134081772112345 0.00290491159405166
4.50814226750889e-05 -0.000698477718246358
7.21593951667693e-05 -0.000932824055559524
0.00124705770415863 -0.0266908551169381
-0.00067557914521254 0.0255008504243852
0.000431528050986883 -0.00104353727090938
-0.000391028040109753 0.0143156947391034
-2.02418389869101e-05 -0.00870035713244103
-0.00139319850080472 0.0207448370509018
9.69790972713191e-05 0.0016517231390975
0.0036059233579132 -0.0753517900228728
0.000311631102921616 0.00255914294788794
0.000126370124498846 0.000651192920469321
-0.000200219519682698 0.00692826301444509
0.000322040724748651 0.00564861990296396
-0.000537438648539335 0.0113277143470115
-0.00031120019426541 -0.000757386197183523
5.56325223085756e-05 0.000383349731720407
-0.000196226645735117 -0.00113392438782821
-0.00014420843358833 0.000447897757295932
-2.51610763732431e-05 0.0019238065364467
0.00118767949511204 -0.00998573791804257
-0.00219876415702733 0.00870830955017266
8.87421132212997e-05 0.000279600834144889
-0.000181735935151769 0.00362675596813747
7.98586938104198e-05 0.0134742452918346
0.000550766127130636 -0.00785162908302863
0.000359998436829438 -0.016961433596258
0.000295534322911994 0.00682387914484384
9.89015024557631e-05 -0.00173073518519203
0.000344329341002645 0.00374834821770891
-9.42916052125296e-05 -9.53678997105811e-05
3.04498399604616e-05 -0.00013503395771019
-2.47815210957818e-05 0.00783175182746432
-7.89002560749005e-05 0.00144548981344884
0.000311212857866426 0.000834592846863968
0.000249068631085905 0.000665963384707826
0.000122592314072945 0.0015779835303841
3.41062039732464e-05 0.0210798564643058
-0.00072289562294992 0.0101192176935602
0.00136163084480542 -0.0188335902431492
8.97127550285775e-05 -0.00131870498481729
4.28228243386183e-05 0.00207921642666049
4.51849986250223e-05 -4.9553189474374e-05
0.000157632737398669 0.00108600592454022
5.42582097141876e-05 -0.000962264451903918
-5.03046832196382e-06 0.00034561890661176
1.74221300004752e-05 0.00496895539637484
-7.85360515978283e-05 -0.0032173025659478
6.14243808722394e-05 0.000556323989856756
-1.67255246151308e-05 0.000846225599319869
0.00350827253118075 0.0105579030365812
1.52441166046953e-06 -0.00208132529170239
0.000238570965095611 0.011652635667159
-0.00102346711717117 0.0033228819839523
0.000540518259584894 0.000550863049105062
-0.000449995334066164 0.0105114883481745
0.000452982855676069 -0.00830899739798347
0.000491902200169853 -0.00413969153745594
-0.000692322604293192 0.0347910939122862
0.000330841328278474 0.000286411292287334
-0.000207424870206347 -0.00552367508796915
-0.000261829369692107 0.017479510011495
-0.000312698250084838 0.00393832953899157
0.000207054903239268 0.00254340703148416
5.14035566358957e-05 0.000520538193353017
0.000303870356791195 -0.00129267988158696
-0.000128796103908872 0.00436658061986818
0.000637627933807601 -0.0211607613788255
-0.000423779472344149 0.0165393995882854
0.00170476385362798 -0.0203221184978506
-0.000103016539725766 0.00265775433866802
-0.000100881201941972 0.00182208753716273
8.97826405702319e-06 0.000762423795652686
4.21356786676541e-05 0.00480916693985488
0.000129446474856009 -0.00859077330928989
-0.000390663664313873 0.00442153068080188
0.00025236042130567 0.00155948568253226
2.98763837407843e-05 -0.00110200054792889
-0.000272692350294994 0.000131556290930315
-0.000179463250151013 0.00314955829252618
-0.000241791489016787 0.0053658078122828
3.71452857151479e-05 3.75108337617573e-06
7.88196741778101e-05 0.000196456877572731
-0.000579600287680828 0.00134655798442024
-8.73668901943502e-05 0.00187779792537016
4.80068061471521e-05 4.34006166290826e-05
-1.47603749949964e-05 -0.000264344645841263
8.55682285608042e-06 -0.000365649598317117
0.000164146841570061 0.000654118813915187
-0.0029428906941116 0.0133413512902558
4.7791284030108e-05 -0.00399140065553247
-8.76168875023784e-05 0.00865778284135678
4.8080809041763e-05 -0.00199017151350528
0.000248867294177871 -0.0039485951240966
0.00014984070652462 0.00299561544796949
-0.000478039400063119 0.0098366559254922
-0.000136161562223849 0.0121810021471538
-2.34606569557204e-05 0.00463314005405996
-0.00061370719727321 0.00593513491291266
9.13918933042427e-05 0.00559105634065196
0.000545069355328329 0.0014556580777748
-0.000855884246150034 -0.0284717098008828
-0.000140049856261865 -0.00223131633810618
0.00477649942936535 0.0127683635864147
0.000115954893484621 -0.0014801825975785
-0.000107537401745965 0.00448656820854668
0.000239789959501329 0.0016188579001978
0.00080398813403951 0.000191906371757981
5.50156269718653e-05 0.00254912695435159
0.000172834487372104 -0.00364399897168037
0.00374757902084425 -0.00933959832782953
-6.47143761569244e-05 0.0045271320372729
0.000159282745195707 0.000528139121058405
-4.90848940732704e-05 0.00337118755264955
0.000555415771468218 -0.00731181444734447
-0.000362337951699629 0.000915256811013336
0.000475691917473141 0.0271392959671061
-7.824733273437e-05 0.00179767100873956
-0.000893027848023709 -0.00434547983867657
-0.000112435174553411 0.000105253224455726
-0.000146201971669692 0.00399127590776483
-0.004578318607963 -0.00994453058322057
-0.000113143323812956 0.00195649168582801
-0.00018736310876468 0.00506035820637539
0.000381124403036478 9.5507372000375e-05
4.26904240272317e-05 0.00189214866411041
0.000142701647651796 -0.0102412360635386
-0.000326745813167663 -0.0476965282026688
0.000382034959132242 -0.00786899462649593
-0.000382542654473749 0.00305229606390893
-0.00157028009450896 0.0378564526240304
0.00149317605568781 -2.15759527697184e-05
-1.31484503305686e-05 0.000720821534460617
-0.00303462806178402 0.0165568118951024
-0.000103278434323858 0.00101278345655738
1.45978594061308e-05 0.001605330195886
-5.89800142716964e-05 0.00342907573685567
0.000170900452979718 0.00207798691111372
0.000273285489900031 -0.0030736346992484
2.64506115255792e-05 0.00235933428207239
-0.000309364643604599 0.0123202584292977
5.72212447680328e-05 0.000793704842901204
-1.22917128805621e-05 0.000216144318364394
8.03890348764877e-05 -0.000991336354487467
0.000163907290168386 -6.55665128042526e-05
0.0017248377390476 -0.0337565150691141
-6.8831753140758e-05 -0.00805695637053219
0.000706334255243579 0.00297620468101464
-0.000217672285886311 0.00114292094247135
-6.32530260642455e-05 -0.000373978501161154
-0.00485722192830144 0.016870847924055
-6.71818415538769e-05 -0.000331136275119751
0.000378623547717035 0.00763387115486493
0.000957485597546644 -0.000673170252100458
0.000370557176279763 -0.00491693798369766
0.000183808524496895 0.000714207641988936
-0.000270485017172765 0.00104538430087895
-0.000336695881341596 -0.00319228521978295
0.00059574433621933 -0.00080556045865057
-0.00039358814656417 0.00644520400740537
0.000688913228971993 -0.0145857977150095
-3.77859103717914e-05 0.00365780972084219
0.000271654851798958 -0.00657672689130669
0.000287876435125246 -0.000841448759346731
-0.000148968035933926 -0.0107803972920716
-0.000218451213015353 0.00249296600199641
-0.000122092387930665 0.000353314331388818
6.4222553304135e-05 -0.00380818980265658
0.000160567402972339 0.00622695900567951
0.000144092257115518 0.00312178926541488
4.45560072143086e-05 -0.000690333704388854
0.000103847943492839 -0.00134247761187714
0.00148526245797887 -0.0317891721301984
-0.000396119980055394 0.0149522079718981
0.000323747888030187 -0.000782900538184118
-0.000388262818407481 0.0142144588052721
-2.32991379938016e-05 -0.0100144607179233
-0.00143836947741171 0.021417439789486
0.00013832657804663 0.00235594024638413
0.00315877600364819 -0.0660078968411804
0.000492042325233344 0.00404068607069701
0.000163780040444008 0.00084396975110998
-0.000255260275518311 0.008832848312529
0.000379270569253935 0.00665243373937066
0.00086369817806904 -0.0182043646153345
0.00052400440073488 0.00127529837589809
-7.98881606638995e-05 -0.000550491092388125
0.000296532917984493 0.00171355748800231
0.000226079226320311 -0.000702180341609126
-2.14604468739062e-05 0.00164085249207185
0.00128116257546893 -0.0107717222844893
-0.00237640968179836 0.00941188259684047
-6.85828854857899e-05 -0.00021608477833816
-0.000194267790017402 0.00387684627570597
8.3692062453097e-05 0.0141210212583566
0.000604853692620479 -0.00862269363937193
0.000382400646784684 -0.0180169234692739
0.00102606220957494 0.0236917491122124
0.000527007970338446 -0.00922240178886266
0.000826400355146516 0.00899614399013101
-0.000608353497435572 -0.000615305356693652
0.000598597579218666 -0.00265456668844183
8.36331316616148e-05 -0.0264307493253935
0.000149531372369659 -0.00273948164678965
-0.000658385671589993 -0.00176562371364071
-0.000534480309961619 -0.00142910130314223
-0.000256849068787288 -0.00330611000397055
-1.95335252068579e-05 -0.0120729819469074
0.000352929416805114 -0.0049403701252075
-0.000370321077547435 0.00512214938898546
-3.86763543647238e-05 0.000568513263618412
1.05053078279568e-05 0.000510082061544648
7.56174732257139e-05 -8.29277879823983e-05
0.000266708835832507 0.00183748053467854
-0.000419685632150418 0.00744310357474317
-6.74535791731167e-05 0.00463440769013827
1.64430844947143e-05 0.00468974712489921
-9.13981225481521e-05 -0.00374420925316898
4.18117602091297e-05 0.000378692775824025
-1.33845768050841e-05 0.0006771808754846
0.00207832074149808 0.00625456299768089
1.1651497744046e-06 -0.00159076092285294
-0.000200698377157977 -0.00980280939056732
0.000450898681033199 -0.00146393103325637
-0.000175178363772936 -0.000178530892399626
0.000268078807184503 -0.00626208051215125
-0.000302963613716896 0.0055572147801018
-0.000321294268171904 0.00270391105404664
0.000439660368731811 -0.0220941410794073
0.000322115834544006 0.000278858651754385
-0.000209906284124091 -0.00558976188344758
-0.000272005444719314 0.0181588451930092
-0.000309808648512273 0.00390193383880155
0.000393422031569597 0.00483269173081411
-0.000189010708002396 0.0008040612145107
8.40687218753397e-05 -0.00285019532187864
-0.000229138340989982 0.00760434838618867
-0.000405962911240957 0.0158440384885518
0.0017720991100126 -0.0211248090918141
0.00025213218492851 -0.00650483826990582
0.00028956946957226 -0.00523012040038709
-1.51074584229431e-05 -0.00128289491046272
3.83429186539756e-05 0.00437627245913872
9.54387296906988e-05 -0.00633383601334059
-0.000322197416252668 0.00364663449369799
0.000116556569732408 0.000720273000943949
3.98453006435629e-05 -0.00146970896081568
-0.000309694468703154 0.000149407852999439
-0.000317433817982671 0.00557092060865609
0.000101540637161278 -0.00225337671140907
1.76162305580874e-05 1.77932666298435e-06
-5.35852988677449e-05 -0.000133559405601274
-1.15103782922022e-05 2.67415190253343e-05
2.75147490407325e-05 -0.000591380285338697
-0.00330043058946394 -0.00298375940595513
2.67223081034476e-05 0.00047858485447589
-1.38703568011397e-05 0.000592718969142507
-0.000103467517850613 -0.000412314751409969
0.00382359541053509 -0.0173339541472865
0.000218595540024483 -0.0182564495450264
-0.000183080886239041 0.0180909501135307
0.000384893475599932 -0.0159315965786555
0.00071744015490664 -0.0113830909773657
0.000440142357400436 0.0087993272227832
0.000477495180862852 -0.00982545313857934
8.44186175537157e-05 -0.00755207512620846
1.55247578097144e-05 -0.00306589946375953
0.000340533162853114 -0.00329328209597796
-4.9110684249741e-05 -0.00300444322698181
-0.000356584017435088 -0.000952289530671795
0.0005963556092735 0.0198382729618514
0.000114055804793887 0.00181716886013945
-0.00395913333224701 -0.0105834104420534
-7.10835591098146e-05 0.000907392289696077
7.48530562033711e-05 -0.00312294351636364
-0.000120572338155625 -0.000814002053277306
-0.000208986911065343 -4.9883889022692e-05
8.87119925180053e-06 0.000411052618942926
-4.88860651736352e-05 0.00103069611567028
0.00170535649036192 -0.00425003569957304
-2.33744276329761e-05 0.00163517415547006
7.64091644571992e-05 0.000253349766912128
9.50243404065827e-05 -0.00652634541730544
-0.00093660975217074 0.0123300670018161
-0.00050735293771965 0.00128155598859008
0.00108115007483164 0.06168204590974
-0.000206601004067502 0.00474650562389732
0.000782950872059095 0.00380984343856994
-9.85912480720454e-05 9.22930391099664e-05
-0.00013374944946635 0.00365132613941586
-0.00444114717505863 -0.0096465804806655
-0.000108782898488058 0.0018810904708152
0.000408984895439332 -0.0110459739591891
-0.0010159258498339 -0.000254584900912306
-0.000116717169751209 -0.00517318822247975
-0.000286125828517501 0.0205343315155919
0.000725610460034073 0.105920536283161
-0.00131612516455416 0.0271089788818403
0.000544733638375301 -0.00434642086585981
0.00331762651162953 -0.0799816230802813
-0.0048822394797254 7.05469809091069e-05
2.80472037785882e-05 -0.00153758594673003
0.00566793912363291 -0.0309240543368906
0.00016960636908025 -0.00166321464357581
-3.17566562648142e-05 -0.00349224677293694
6.62507996518039e-05 -0.00385178336295132
-0.000240112667047833 -0.00291953956201171
-0.000450802557963582 0.00507016635182562
-2.95326482406236e-05 -0.00263423240999894
0.000498012293027138 -0.0198330444420386
-9.75505380308938e-05 -0.00135310597802336
1.52509001879035e-05 -0.000268184319798049
1.34550554820166e-05 -0.000165924234382597
7.24386931494391e-05 -2.8977162480329e-05
0.000537831319135134 -0.0105258057172121
8.40577353245666e-06 0.000983905728937701
0.000206961193727035 0.000872058578033335
