272.077855545072
275.874839119988
272.466974086279
272.335264616782
266.123171696738
267.313286472088
265.822909281035
271.094361781034
261.202086891516
261.107423973913
259.490027569084
259.68237109724
265.003703664406
248.375261556304
261.024378008555
259.872035094172
257.223895820808
258.696509678586
273.886917850324
268.349137170546
263.663322749195
265.272592348447
258.977508327845
258.314867904623
258.646188116234
271.662339286653
266.857250044139
265.272592348447
272.703631380286
260.492115009493
269.910845516265
261.709424540828
263.173762820221
269.775067652176
270.147732605004
257.890470772939
274.786215567553
264.089305878409
256.800261222974
271.655987043528
270.029516806657
254.714647640246
279.867260578953
248.886349744057
270.763041569424
275.30686161437
272.465915986529
267.596979140232
283.893012666613
260.634109385898
261.107423973913
252.578421422272
262.721746477848
268.638896015044
259.971468962677
281.706959388684
267.733828206126
277.503594468698
275.401524531973
272.088322415866
279.256022120177
269.06854565237
271.709670745454
274.697778299461
273.103177527098
259.467092335092
262.432503499701
260.208126256684
265.951146881335
275.212198696767
258.598856657432
252.256441178028
259.910995474702
262.24337898515
282.501243352201
276.192885246014
277.879475669031
268.356649758342
269.675048523073
272.088322415866
273.224277427103
276.584811002011
261.195346110037
267.864864022297
266.404586443179
265.177929430844
263.379333996386
272.091793571951
276.838022542387
278.241412060064
274.62469240225
278.361162843588
265.273299305859
268.301805711745
264.104884160444
261.817395855936
245.503185937776
256.96338418974
263.757985666798
273.697592015118
265.232748477572
278.264547437941
255.310264541381
273.271608885904
275.892618255446
267.639165288523
280.323996247331
272.372311168676
274.644736515628
263.075823497242
282.99055246945
272.456444393586
263.615991290394
275.628694499119
278.762058106881
264.577780012
277.389445801637
262.075649304158
274.652185417022
274.581050246387
274.037491595801
262.57469919676
264.42062609002
274.253078296999
283.116552316621
279.37835361739
272.329646749265
265.1581342213
271.11807709154
270.440832813279
269.153771970172
278.809389565683
268.585794464554
282.311917516995
258.440295371144
270.384389899012
266.59787319489
272.606799399286
272.849097272161
280.89197375295
265.36725526605
281.160446069202
272.797275578765
276.488843019044
279.708687282912
260.781786324224
273.697592015118
276.591044049615
271.752696505873
264.609951925226
281.259812127289
276.376592334274
282.595906269804
274.196656328689
258.551525198631
269.367312172444
278.288743518866
268.789371837284
252.584779503273
266.833894174216
258.456862281028
249.463885108739
262.054053149944
263.095345243577
257.497703104194
253.771047859677
257.858015972388
246.672396583597
253.678523745157
260.471946194967
258.739117023709
256.04295788215
267.591833829722
280.611763933414
271.455786560293
264.315730407032
274.382642862826
273.295304504485
272.051982908819
258.172873528219
254.218166780604
261.62807002073
261.438744185524
254.769560876039
245.13306925275
246.217687691059
250.338655424943
253.25040181286
263.556184942321
253.975663507844
272.118134783222
270.668378651821
261.758843793965
255.416471350115
274.268641687331
272.613538338552
273.544659678775
267.591833829722
268.917114676164
245.313838992468
265.130597972042
246.387340286639
267.465741975312
257.660967348001
270.710206162077
261.912058773539
275.638181825981
268.163555831462
277.294782884034
279.330035612499
277.294782884034
244.210093181769
257.088978897021
246.955317792258
261.257180896595
272.135653874668
280.702647917744
279.282704153698
278.545643247263
269.215595557335
282.001254774404
282.960227794988
276.774136837217
259.444198971186
264.599528552242
272.466974086279
259.490531590699
265.603912560058
266.065206231589
269.769080934592
274.69155264995
277.666165190774
276.268019795756
274.170906603133
265.942432756764
259.640148751066
267.92829149818
268.349137170546
273.034951591897
266.701257882334
262.495420420983
275.786513258092
250.505177202372
261.438744185524
257.552389436374
259.368728369697
264.941272136836
257.46556247566
269.967481587618
259.949902698272
261.01276105631
260.965429597509
269.537200657287
273.224277427103
280.797310835347
277.320569886107
274.738884108752
265.119557383464
273.022241440394
278.113312452168
276.417851290091
270.07296491805
280.844642294148
276.53175869375
253.203070354059
277.626103095645
269.476768569524
269.153771970172
258.841303170765
266.688401670724
268.207142794141
270.879040505101
245.393379651808
264.704614842829
272.703631380286
268.539529956956
259.352838986911
252.475562357207
275.243194655365
275.346104935963
271.378350533844
279.953046947129
263.048013784776
271.317576550341
276.577575463496
270.763041569424
278.336074977667
263.237339619982
255.664306211738
263.050129400761
270.621047193019
269.034825817617
260.492115009493
271.094361781034
248.808176324657
257.462901646196
259.725184222136
266.455878818485
261.202086891516
258.030879151814
270.464311878057
262.359843116194
271.569452647434
271.89899658066
271.280166195982
274.89317714688
267.320939417965
255.758969129341
270.100401146202
276.688973455256
274.985467521047
275.481574333183
276.442816625606
275.212198696767
273.805931035604
265.160341900778
266.692536112493
277.277004129408
278.065091843463
266.266552983279
272.396806826806
273.690948379718
268.824048441307
276.483456087875
271.475109786144
270.303955206001
264.467957548821
270.358681512321
276.774136837217
275.732844743584
274.557559628453
269.495526771025
278.09941768366
267.575351074504
259.968151649189
246.632440815109
270.242395522607
265.130597972042
251.903488262398
