11.9423540406123
12.8250089652457
10.7362416490958
13.5592725772699
11.2886396834199
12.4862899410052
8.35651866326205
12.7488689011736
10.5386555516221
12.4580633556518
9.21058622952566
9.77653774708095
8.40500167269244
8.63604129379481
10.5416302861881
11.1031872586897
10.0781329689504
11.5022111328003
9.62530608543299
10.7063564699132
10.3019544155809
9.30033244394891
11.932888067031
10.7199087691946
11.0055105179907
11.6636494237613
12.2467343005031
13.2055522735553
10.7961026843365
11.095256732414
10.9642590365338
11.8088518925241
9.24023262536678
10.2777517403372
10.1152567713215
9.68923270644968
13.3688274978031
11.3007733561633
10.5386555516221
9.62739333974607
13.7119268166526
11.5848868849485
12.4862899410052
10.73790183636
13.9695830450112
11.8431418526078
13.44599384302
11.1550875420295
14.264564818268
12.9661418920126
13.6081507362651
9.94589725920122
13.4286583074186
15.2534980006914
12.4862899410052
12.7403292091856
12.7121026238322
15.7888004273504
10.7757588685905
12.9096887213059
12.3816191391473
14.4056977450349
12.175797502118
15.1232560843215
9.74906351606518
13.4177672576666
11.7806253071708
12.1174730533669
12.5497754913446
9.9741238445546
8.98229667871124
7.0206059065
7.08659248817533
10.5268640410667
15.1039209766526
12.8250089652457
12.7412739272973
10.2875408026047
11.1850029468372
11.8771987686831
13.0225950627194
10.8858488987597
13.3048609162531
12.8553179766764
11.7787540291263
11.1550875420295
12.0911177460579
9.7200845763742
14.490377501095
14.2081116475612
10.5752022162693
13.1286768216185
12.2619575199163
10.1717099420282
11.214918351645
9.83880973048843
7.57486408951751
9.69185799102082
11.5894275346262
14.4056977450349
10.8789135052143
9.80889432568068
9.95847134971944
10.4822023809154
11.3854531122235
11.3352744140884
16.3005371689627
15.3133288103069
14.3282543320072
14.6851053093441
13.1893350689566
18.7903113434799
13.7278123554961
17.4259423778462
16.6426143803399
15.4329904295379
13.7518315373499
11.9336519393898
15.0831357935159
11.7234802333768
15.5834769805918
12.5145165263586
12.7111796492159
15.5423056666697
16.9743170121922
15.594997828428
14.2742824789649
10.7111462904574
10.0305770152614
14.1234318915011
11.7234802333768
13.9516338021265
11.932888067031
13.3658618043667
10.5659832227707
11.2448337564527
10.7644682344492
11.4243261852992
12.1475709167647
17.6467303853115
12.6838760384788
15.3133288103069
14.2363382329146
13.1380746892578
11.573903209338
11.6782945579015
11.1850029468372
12.3305366719726
10.1717099420282
9.65931730164193
14.7150207141519
12.052549686262
12.5910269728015
11.6959455511106
11.842921261658
12.1123804958775
11.1850029468372
14.0867972131891
6.89742604103645
8.58236272856289
9.19943864279
9.53439218435275
9.89864054010394
13.3528323735521
8.52253191894738
9.04264652789314
8.9560954937886
6.53350403588851
9.00498487608728
7.80456220356136
8.64747433294586
8.81683384506612
13.5483199266496
15.1678155495761
11.5548126243437
10.5951087223289
13.3190456036663
10.5449459709628
11.3806105434809
9.66363140566745
8.73264676096281
13.4192983146372
11.2448337564527
10.4670332314512
7.29259823598374
8.8815167766404
7.91358311375804
8.85160137183265
8.8815167766404
9.74831116172758
11.573903209338
11.3531592990345
11.2160936001032
8.11116921123168
10.0569323225703
9.86121750314109
10.8858488987597
10.2563896980884
12.010799172973
7.74473139394586
10.8773745758627
7.20625410740634
11.7523987218174
8.36761947616983
9.80089842418904
8.91055568002175
12.5012807583783
10.0751685676803
11.9723957453428
13.9822989647342
13.5483199266496
8.36520847941208
8.61286463081523
8.25230213799857
10.5574010995297
9.11696988622916
13.2766343308998
14.1466280228046
12.8532355505991
10.9157643035675
16.8896372561321
18.9501779869286
12.8004348064558
10.1322635813683
12.5145165263586
13.9372201891503
13.2979334202733
12.4600292769213
9.4660453081938
11.724172136464
11.0354259227985
11.6337340189535
12.8278665259608
9.61227665461838
10.1080483737582
9.40959213748705
9.0990996985999
11.0185075026296
12.4016101849451
9.41999406317992
10.6515618930357
12.0892464680135
9.24050163433341
8.81683384506612
12.5910324054447
11.4100855106153
11.573903209338
9.36503267223249
11.5092727692205
11.9628034718388
13.0995888545333
8.77626877038561
11.0467340879829
9.18377945466003
14.3329116944269
14.5186040864484
12.172211305493
11.1596404293965
12.5991962824187
12.172211305493
15.0440901670371
13.4855110625148
13.6978969506883
13.750622502542
8.07380084683112
12.0226342814543
13.4177672576666
14.4506420956273
10.6515618930357
13.7000331112004
11.498359453637
11.3945060793144
8.37295489490863
13.9540723793808
13.2895655767501
12.4862899410052
7.91924100861999
7.74422360163778
14.1798850622078
9.92855594491169
13.1559743010739
12.4259954281347
9.2120060400134
12.5427933660536
11.0653413276062
12.0180463242217
13.6081507362651
10.6465256602977
9.49427189354718
11.293328489419
13.4286583074186
11.3572265268701
10.9157643035675
13.5261713351782
7.55340549018765
9.89694999981542
9.49427189354718
12.6209423776093
15.8734801834105
19.8604703410851
15.1583987905805
19.142500625699
18.6430468903299
16.9460904268388
11.5920727948661
12.4096362379558
11.2464139955854
